a = [5 -2  0  1; 
    -1  6  2 -9; 
     0  0  3 -4; 
     1  1  1  1];
b = [7; 12; 3; 0];
x = a\b